1 2 2
1 3 2
1 4 1
1 5 -1
1 6 1
1 7 -1
1 8 1
1 9 -1
1 10 -1
1 11 -1
1 12 -1
1 13 -2
1 14 -2
1 15 -2
1 16 -1
1 17 -2
1 18 -1
1 19 -2
1 20 -1
1 21 -2
1 22 -2
1 23 -2
1 24 -2
1 25 -1
1 26 -2
1 27 -2
1 28 -2
1 29 -2
1 30 -1
1 31 -1
1 32 -2
1 33 -1
1 34 -2
1 35 -2
1 36 -2
1 37 -2
1 38 -2
2 1 2
2 3 2
2 5 -1
2 39 2
2 6 1
2 7 -1
2 40 -1
2 9 -1
2 12 -1
2 33 1
3 1 2
3 2 2
3 4 1
3 41 2
3 24 -2
3 42 1
4 1 1
4 3 1
4 12 1
4 16 2
4 32 -2
5 1 -1
5 2 -1
5 7 -1
5 8 1
5 14 2
5 22 -2
5 23 -2
5 28 -2
39 2 2
39 25 1
39 43 1
6 1 1
6 2 1
6 8 1
6 19 -2
7 1 -1
7 2 -1
7 5 -1
7 40 2
7 12 1
7 20 1
7 44 2
7 45 1
7 46 -2
8 1 1
8 5 1
8 6 1
40 2 -1
40 7 2
40 20 1
40 28 -1
40 47 1
40 48 1
40 49 1
40 50 2
41 3 2
9 1 -1
9 2 -1
9 51 2
9 21 -2
9 22 -2
10 1 -1
10 11 2
10 15 2
11 1 -1
11 10 2
12 1 -1
12 2 -1
12 4 1
12 7 1
12 17 -2
12 18 2
13 1 -2
14 1 -2
14 5 2
14 52 -2
14 27 1
15 1 -2
15 10 2
15 24 2
16 1 -1
16 4 2
17 1 -2
17 12 -2
18 1 -1
18 12 2
19 1 -2
19 6 -2
52 14 -2
52 53 2
52 23 -2
52 54 2
52 55 2
52 56 2
52 27 -2
52 28 -2
52 29 -2
52 57 2
52 33 -2
51 9 2
51 21 -2
51 22 -2
53 52 2
20 1 -1
20 7 1
20 40 1
20 47 1
20 49 2
20 44 1
20 45 1
20 36 -2
21 1 -2
21 9 -2
21 51 -2
21 22 2
22 1 -2
22 5 -2
22 9 -2
22 51 -2
22 21 2
23 1 -2
23 5 -2
23 52 -2
23 26 2
23 27 2
24 1 -2
24 3 -2
24 15 2
54 52 2
55 52 2
58 28 2
56 52 2
25 1 -1
25 39 1
25 43 1
26 1 -2
26 23 2
27 1 -2
27 14 1
27 52 -2
27 23 2
28 1 -2
28 5 -2
28 40 -1
28 52 -2
28 58 2
42 3 1
29 1 -2
29 52 -2
30 1 -1
30 45 -1
31 1 -1
32 1 -2
32 4 -2
43 39 1
43 25 1
57 52 2
33 1 -1
33 2 1
33 52 -2
47 40 1
47 20 1
47 44 1
47 45 1
48 40 1
48 49 2
49 40 1
49 20 2
49 48 2
49 44 1
49 45 1
34 1 -2
34 35 2
34 38 2
44 7 2
44 20 1
44 47 1
44 49 1
35 1 -2
35 34 2
35 37 2
35 38 2
45 7 1
45 20 1
45 30 -1
45 47 1
45 49 1
36 1 -2
36 20 -2
37 1 -2
37 35 2
50 40 2
38 1 -2
38 34 2
38 35 2
46 7 -2
